160 texts collected.
Training new model w/ 2-layer, 128-cell LSTMs
Training on 94,437 character sequences.
Epoch, train_loss, val_loss
1, 3.1290, 3.0874
2, 2.9714, 2.3733
3, 2.1299, 2.1229
4, 1.8722, 1.8176
5, 1.7315, 1.7744
6, 1.6324, 1.6892
7, 1.5524, 1.6365
8, 1.4827, 1.5346
9, 1.4218, 1.6182
10, 1.3634, 1.4427
11, 1.3147, 1.4460
12, 1.2658, 1.6192
13, 1.2242, 1.6865
14, 1.1852, 1.5126
15, 1.1456, 1.5093
16, 1.1090, 1.6675
17, 1.0794, 1.3734
18, 1.0469, 1.5959
19, 1.0171, 1.3531
20, 0.9911, 1.6510
21, 0.9655, 1.3676
22, 0.9426, 1.5253
23, 0.9189, 1.6472
24, 0.8960, 1.8375
25, 0.8762, 1.6231
26, 0.8538, 1.6436
27, 0.8360, 1.6048
28, 0.8157, 1.6767
29, 0.7976, 1.3296
30, 0.7850, 1.7028
31, 0.7645, 1.9115
32, 0.7480, 1.6248
33, 0.7336, 1.7245
34, 0.7206, 1.8248
35, 0.7020, 1.7210
36, 0.6901, 1.4880
37, 0.6755, 1.7073
38, 0.6643, 1.7243
39, 0.6501, 1.9093
40, 0.6387, 1.7306
41, 0.6252, 2.0009
42, 0.6105, 1.9929
43, 0.6023, 2.0090
44, 0.5870, 1.7748
45, 0.5792, 1.8412
46, 0.5667, 1.8477
47, 0.5564, 1.9921
48, 0.5467, 2.2696
49, 0.5330, 1.8495
50, 0.5245, 1.8964
51, 0.5148, 1.9310
52, 0.5034, 1.6834
53, 0.4967, 2.1333
54, 0.4846, 2.1636
55, 0.4768, 1.8613
56, 0.4667, 1.8929
57, 0.4581, 2.5093
58, 0.4482, 2.1896
59, 0.4378, 2.5521
60, 0.4294, 2.0197

61, 0.4192, 2.1102
62, 0.4141, 2.3137
63, 0.4053, 2.0242
64, 0.3985, 2.2283
65, 0.3888, 1.9846
66, 0.3834, 2.2021
67, 0.3768, 1.8890
68, 0.3650, 1.5626
69, 0.3595, 2.2578
70, 0.3542, 2.6877

71, 0.3452, 2.3611
72, 0.3424, 2.2471
73, 0.3336, 2.2895
74, 0.3262, 2.3410
75, 0.3215, 2.4715
76, 0.3149, 2.1570
77, 0.3067, 2.4980
78, 0.3040, 2.3257
79, 0.2970, 2.6488
80, 0.2884, 2.2829

81, 0.2836, 2.6861
82, 0.2802, 2.4675
83, 0.2713, 2.5953
84, 0.2682, 2.2804
85, 0.2617, 2.6248
86, 0.2602, 2.8573
87, 0.2522, 2.3025
88, 0.2495, 2.6783
89, 0.2417, 2.2778
90, 0.2388, 2.5550

91, 0.2338, 2.2959
92, 0.2285, 2.9231
93, 0.2258, 2.2354
94, 0.2202, 2.2294
95, 0.2194, 2.4659
96, 0.2158, 2.2502
97, 0.2115, 2.2288
98, 0.2095, 2.0621
99, 0.2057, 2.3103
100, 0.2037, 2.4437